# lambda [mum] | FWHM (arcsec)
7.500000e-01 4.609875e+00
7.682927e-01 4.613077e+00
7.870315e-01 4.616436e+00
8.062274e-01 4.619958e+00
8.258915e-01 4.623651e+00
8.460352e-01 4.627523e+00
8.666702e-01 4.631582e+00
8.878085e-01 4.635838e+00
9.094624e-01 4.640301e+00
9.316444e-01 4.644979e+00
9.543674e-01 4.649882e+00
9.776447e-01 4.655023e+00
1.001490e+00 4.660411e+00
1.025916e+00 4.666059e+00
1.050939e+00 4.671978e+00
1.076571e+00 4.678181e+00
1.137073e+00 4.693380e+00
1.164807e+00 4.700608e+00
1.193217e+00 4.708181e+00
1.222319e+00 4.716115e+00
1.252132e+00 4.724426e+00
1.282672e+00 4.733131e+00
1.313957e+00 4.742250e+00
1.346004e+00 4.751799e+00
1.378834e+00 4.761800e+00
1.412464e+00 4.772272e+00
1.446914e+00 4.783236e+00
1.482205e+00 4.794715e+00
1.518356e+00 4.806731e+00
1.555389e+00 4.819308e+00
1.593325e+00 4.832471e+00
1.632187e+00 4.846245e+00
1.680000e+00 4.863592e+00
1.720976e+00 4.878806e+00
1.762951e+00 4.894720e+00
1.805949e+00 4.911364e+00
1.849997e+00 4.928770e+00
1.895119e+00 4.946969e+00
1.941341e+00 4.965995e+00
1.988691e+00 4.985882e+00
2.037196e+00 5.006667e+00
2.086883e+00 5.028385e+00
2.137783e+00 5.051075e+00
2.189924e+00 5.074777e+00
2.243337e+00 5.099530e+00
2.298052e+00 5.125377e+00
2.354102e+00 5.152361e+00
2.411520e+00 5.180526e+00
2.489143e+00 5.219429e+00
2.560261e+00 5.255890e+00
2.633412e+00 5.294190e+00
2.708652e+00 5.334412e+00
2.786042e+00 5.376636e+00
2.865643e+00 5.420950e+00
2.947519e+00 5.467442e+00
3.031733e+00 5.516201e+00
3.118354e+00 5.567322e+00
3.207450e+00 5.620899e+00
3.299092e+00 5.677032e+00
3.393351e+00 5.735819e+00
3.490304e+00 5.797366e+00
3.590027e+00 5.861775e+00
3.692600e+00 5.929157e+00
3.798102e+00 5.999620e+00
3.854727e+00 6.037908e+00
3.889770e+00 6.061763e+00
3.925132e+00 6.085958e+00
3.960815e+00 6.110497e+00
3.996822e+00 6.135383e+00
4.033157e+00 6.160621e+00
4.069822e+00 6.186213e+00
4.106820e+00 6.212164e+00
4.144155e+00 6.238479e+00
4.181829e+00 6.265161e+00
4.219846e+00 6.292213e+00
4.258208e+00 6.319641e+00
4.296919e+00 6.347448e+00
4.335982e+00 6.375638e+00
4.375400e+00 6.404216e+00
4.415176e+00 6.433185e+00
4.454000e+00 6.461586e+00
4.488262e+00 6.486752e+00
4.522787e+00 6.512207e+00
4.557577e+00 6.537954e+00
4.592636e+00 6.563995e+00
4.627964e+00 6.590332e+00
4.663563e+00 6.616970e+00
4.699437e+00 6.643909e+00
4.735586e+00 6.671153e+00
4.772014e+00 6.698704e+00
4.808722e+00 6.726566e+00
4.845712e+00 6.754740e+00
4.882987e+00 6.783230e+00
4.920548e+00 6.812037e+00
4.958398e+00 6.841166e+00
4.996540e+00 6.870617e+00
