Number density [h/Mpc]^3:

numdens1 = 0.00997, 0.00411, 0.000501, 7.05e-05, 3.16e-05, 1.64e-05, 3.59e-06, 8.07e-07, 1.84e-06, 1.5e-06, 1.13e-06
numdens2 = 0.0123, 0.00856, 0.00282, 0.000937, 0.00043, 5e-05, 8.03e-06, 3.83e-06, 3.28e-06, 1.07e-06, 6.79e-07
numdens3 = 0.0134, 0.00857, 0.00362, 0.00294, 0.00204, 0.000212, 6.97e-06, 2.02e-06, 1.43e-06, 1.93e-06, 6.79e-07
numdens4 = 0.0229, 0.0129, 0.00535, 0.00495, 0.00415, 0.000796, 7.75e-05, 7.87e-06, 2.46e-06, 1.93e-06, 1.36e-06
numdens5 = 0.0149, 0.00752, 0.00327, 0.0025, 0.00183, 0.000734, 0.000253, 5.41e-05, 2.99e-05, 9.41e-06, 2.04e-06

HOD, C15: Galaxy bias:

galaxy_bias1 = 1.3, 1.5, 1.8, 2.3, 2.1, 2.7, 3.6, 2.3, 3.2, 2.7, 3.8
galaxy_bias2 = 1.2, 1.4, 1.6, 1.9, 2.3, 2.6, 3.4, 4.2, 4.3, 3.7, 4.6
galaxy_bias3 = 1.0, 1.3, 1.5, 1.7, 1.9, 2.6, 3.0, 3.2, 3.5, 4.1, 5.0
galaxy_bias4 = 0.98, 1.3, 1.4, 1.5, 1.7, 2.2, 3.6, 3.7, 2.7, 2.9, 5.0
galaxy_bias5 = 0.83, 1.2, 1.3, 1.4, 1.6, 2.1, 3.2, 4.2, 4.1, 4.5, 5.0

Galaxy redshift bins:
#zmin, zmax for 11 redshift bins:
0.0 0.2
0.2 0.4
0.4 0.6
0.6 0.8
0.8 1.0
1.0 1.6
1.6 2.2
2.2 2.8
2.8 3.4
3.4 4.0
4.0 4.6


