# lambda [mum] | \delta F_nu (all sky) [M_{AB}, 5 sig] | \delta F_nu (deep survey) [M_{AB}, 5 sig]
7.500000e-01 1.958756e+01 2.173841e+01
7.682927e-01 1.957540e+01 2.172623e+01
7.870315e-01 1.956413e+01 2.171494e+01
8.062274e-01 1.955372e+01 2.170452e+01
8.258915e-01 1.954414e+01 2.169493e+01
8.460352e-01 1.953538e+01 2.168616e+01
8.666702e-01 1.952742e+01 2.167819e+01
8.878085e-01 1.952022e+01 2.167098e+01
9.094624e-01 1.951376e+01 2.166451e+01
9.316444e-01 1.950803e+01 2.165877e+01
9.543674e-01 1.950299e+01 2.165373e+01
9.776447e-01 1.949864e+01 2.164937e+01
1.001490e+00 1.949494e+01 2.164567e+01
1.025916e+00 1.949187e+01 2.164260e+01
1.050939e+00 1.948942e+01 2.164015e+01
1.076571e+00 1.948756e+01 2.163829e+01
1.137073e+00 1.951028e+01 2.166098e+01
1.164807e+00 1.951023e+01 2.166093e+01
1.193217e+00 1.951068e+01 2.166138e+01
1.222319e+00 1.951163e+01 2.166233e+01
1.252132e+00 1.951304e+01 2.166375e+01
1.282672e+00 1.951492e+01 2.166563e+01
1.313957e+00 1.951722e+01 2.166794e+01
1.346004e+00 1.951995e+01 2.167067e+01
1.378834e+00 1.952308e+01 2.167381e+01
1.412464e+00 1.952660e+01 2.167733e+01
1.446914e+00 1.953049e+01 2.168122e+01
1.482205e+00 1.953472e+01 2.168547e+01
1.518356e+00 1.953930e+01 2.169005e+01
1.555389e+00 1.954420e+01 2.169495e+01
1.593325e+00 1.954940e+01 2.170016e+01
1.632187e+00 1.955489e+01 2.170567e+01
1.680000e+00 1.951788e+01 2.166872e+01
1.720976e+00 1.952392e+01 2.167477e+01
1.762951e+00 1.953020e+01 2.168107e+01
1.805949e+00 1.953671e+01 2.168759e+01
1.849997e+00 1.954343e+01 2.169432e+01
1.895119e+00 1.955035e+01 2.170126e+01
1.941341e+00 1.955746e+01 2.170838e+01
1.988691e+00 1.956473e+01 2.171567e+01
2.037196e+00 1.957217e+01 2.172312e+01
2.086883e+00 1.957974e+01 2.173071e+01
2.137783e+00 1.958745e+01 2.173843e+01
2.189924e+00 1.959527e+01 2.174627e+01
2.243337e+00 1.960319e+01 2.175421e+01
2.298052e+00 1.961119e+01 2.176222e+01
2.354102e+00 1.961924e+01 2.177030e+01
2.411520e+00 1.962734e+01 2.177842e+01
2.489143e+00 1.972749e+01 2.187822e+01
2.560261e+00 1.973730e+01 2.188805e+01
2.633412e+00 1.974697e+01 2.189773e+01
2.708652e+00 1.975636e+01 2.190714e+01
2.786042e+00 1.976528e+01 2.191608e+01
2.865643e+00 1.977345e+01 2.192427e+01
2.947519e+00 1.978050e+01 2.193134e+01
3.031733e+00 1.978589e+01 2.193674e+01
3.118354e+00 1.978889e+01 2.193975e+01
3.207450e+00 1.978854e+01 2.193941e+01
3.299092e+00 1.978361e+01 2.193448e+01
3.393351e+00 1.977263e+01 2.192350e+01
3.490304e+00 1.975393e+01 2.190478e+01
3.590027e+00 1.972578e+01 2.187660e+01
3.692600e+00 1.968661e+01 2.183739e+01
3.798102e+00 1.963531e+01 2.178604e+01
3.854727e+00 1.886087e+01 2.101283e+01
3.889770e+00 1.884175e+01 2.099366e+01
3.925132e+00 1.882143e+01 2.097327e+01
3.960815e+00 1.879990e+01 2.095169e+01
3.996822e+00 1.877719e+01 2.092892e+01
4.033157e+00 1.875333e+01 2.090499e+01
4.069822e+00 1.872835e+01 2.087995e+01
4.106820e+00 1.870228e+01 2.085381e+01
4.144155e+00 1.867518e+01 2.082664e+01
4.181829e+00 1.864708e+01 2.079848e+01
4.219846e+00 1.861805e+01 2.076939e+01
4.258208e+00 1.858814e+01 2.073942e+01
4.296919e+00 1.855740e+01 2.070862e+01
4.335982e+00 1.852591e+01 2.067707e+01
4.375400e+00 1.849372e+01 2.064482e+01
4.415176e+00 1.846089e+01 2.061194e+01
4.454000e+00 1.828229e+01 2.043352e+01
4.488262e+00 1.825418e+01 2.040535e+01
4.522787e+00 1.822571e+01 2.037683e+01
4.557577e+00 1.819692e+01 2.034800e+01
4.592636e+00 1.816785e+01 2.031888e+01
4.627964e+00 1.813852e+01 2.028950e+01
4.663563e+00 1.810896e+01 2.025990e+01
4.699437e+00 1.807922e+01 2.023012e+01
4.735586e+00 1.804931e+01 2.020017e+01
4.772014e+00 1.801926e+01 2.017008e+01
4.808722e+00 1.798911e+01 2.013989e+01
4.845712e+00 1.795886e+01 2.010961e+01
4.882987e+00 1.792855e+01 2.007927e+01
4.920548e+00 1.789821e+01 2.004889e+01
4.958398e+00 1.786784e+01 2.001849e+01
4.996540e+00 1.783747e+01 1.998809e+01
