# lambda [mum] | \delta nu I_nu (all sky) [nW/m^2/sr per pixel, 1 sig] | \delta nu I_nu (deep survey) [nW/m^2/sr per pixel, 1 sig]
7.500000e-01 2.743850e+01 3.784615e+00
7.682927e-01 2.707707e+01 3.734820e+00
7.870315e-01 2.669817e+01 3.682608e+00
8.062274e-01 2.630322e+01 3.628175e+00
8.258915e-01 2.589362e+01 3.571717e+00
8.460352e-01 2.547079e+01 3.513427e+00
8.666702e-01 2.503610e+01 3.453496e+00
8.878085e-01 2.459089e+01 3.392111e+00
9.094624e-01 2.413648e+01 3.329452e+00
9.316444e-01 2.367415e+01 3.265696e+00
9.543674e-01 2.320514e+01 3.201014e+00
9.776447e-01 2.273062e+01 3.135570e+00
1.001490e+00 2.225174e+01 3.069522e+00
1.025916e+00 2.176959e+01 3.003020e+00
1.050939e+00 2.128521e+01 2.936208e+00
1.076571e+00 2.079960e+01 2.869222e+00
1.137073e+00 1.925236e+01 2.655852e+00
1.164807e+00 1.877982e+01 2.590664e+00
1.193217e+00 1.830958e+01 2.525791e+00
1.222319e+00 1.784234e+01 2.461330e+00
1.252132e+00 1.737873e+01 2.397369e+00
1.282672e+00 1.691934e+01 2.333990e+00
1.313957e+00 1.646474e+01 2.271270e+00
1.346004e+00 1.601540e+01 2.209276e+00
1.378834e+00 1.557179e+01 2.148071e+00
1.412464e+00 1.513433e+01 2.087713e+00
1.446914e+00 1.470337e+01 2.028253e+00
1.482205e+00 1.427925e+01 1.969736e+00
1.518356e+00 1.386227e+01 1.912202e+00
1.555389e+00 1.345267e+01 1.855687e+00
1.593325e+00 1.305068e+01 1.800222e+00
1.632187e+00 1.265649e+01 1.745833e+00
1.680000e+00 1.269846e+01 1.751517e+00
1.720976e+00 1.230680e+01 1.697477e+00
1.762951e+00 1.192368e+01 1.644616e+00
1.805949e+00 1.154919e+01 1.592945e+00
1.849997e+00 1.118337e+01 1.542470e+00
1.895119e+00 1.082625e+01 1.493195e+00
1.941341e+00 1.047785e+01 1.445123e+00
1.988691e+00 1.013815e+01 1.398252e+00
2.037196e+00 9.807135e+00 1.352579e+00
2.086883e+00 9.484759e+00 1.308098e+00
2.137783e+00 9.170974e+00 1.264802e+00
2.189924e+00 8.865721e+00 1.222683e+00
2.243337e+00 8.568936e+00 1.181733e+00
2.298052e+00 8.280554e+00 1.141942e+00
2.354102e+00 8.000518e+00 1.103303e+00
2.411520e+00 7.728781e+00 1.065809e+00
2.489143e+00 6.799809e+00 9.380033e-01
2.560261e+00 6.526198e+00 9.002457e-01
2.633412e+00 6.263302e+00 8.639669e-01
2.708652e+00 6.011412e+00 8.292072e-01
2.786042e+00 5.771029e+00 7.960358e-01
2.865643e+00 5.542936e+00 7.645608e-01
2.947519e+00 5.328284e+00 7.349414e-01
3.031733e+00 5.128698e+00 7.074020e-01
3.118354e+00 4.946379e+00 6.822469e-01
3.207450e+00 4.784206e+00 6.598736e-01
3.299092e+00 4.645800e+00 6.407825e-01
3.393351e+00 4.535523e+00 6.255762e-01
3.490304e+00 4.458375e+00 6.149450e-01
3.590027e+00 4.419730e+00 6.096313e-01
3.692600e+00 4.424936e+00 6.103733e-01
3.798102e+00 4.478782e+00 6.178316e-01
3.854727e+00 8.971574e+00 1.236187e+00
3.889770e+00 9.027468e+00 1.243954e+00
3.925132e+00 9.093577e+00 1.253132e+00
3.960815e+00 9.170028e+00 1.263737e+00
3.996822e+00 9.256916e+00 1.275785e+00
4.033157e+00 9.354302e+00 1.289281e+00
4.069822e+00 9.462214e+00 1.304231e+00
4.106820e+00 9.580648e+00 1.320633e+00
4.144155e+00 9.709568e+00 1.338483e+00
4.181829e+00 9.848907e+00 1.357770e+00
4.219846e+00 9.998568e+00 1.378482e+00
4.258208e+00 1.015843e+01 1.400601e+00
4.296919e+00 1.032834e+01 1.424107e+00
4.335982e+00 1.050813e+01 1.448975e+00
4.375400e+00 1.069760e+01 1.475179e+00
4.415176e+00 1.089655e+01 1.502689e+00
4.454000e+00 1.269856e+01 1.750904e+00
4.488262e+00 1.290135e+01 1.778952e+00
4.522787e+00 1.311138e+01 1.807998e+00
4.557577e+00 1.332846e+01 1.838015e+00
4.592636e+00 1.355241e+01 1.868981e+00
4.627964e+00 1.378304e+01 1.900867e+00
4.663563e+00 1.402017e+01 1.933648e+00
4.699437e+00 1.426359e+01 1.967296e+00
4.735586e+00 1.451311e+01 2.001784e+00
4.772014e+00 1.476851e+01 2.037084e+00
4.808722e+00 1.502961e+01 2.073168e+00
4.845712e+00 1.529618e+01 2.110007e+00
4.882987e+00 1.556803e+01 2.147572e+00
4.920548e+00 1.584495e+01 2.185835e+00
4.958398e+00 1.612672e+01 2.224768e+00
4.996540e+00 1.641314e+01 2.264341e+00
